# oST version 5.0 parameters


[image]

width
2048

height
1536

[narrow_stereo]

camera matrix
1513.490558 0.000000 996.436978
0.000000 1515.736644 693.166016
0.000000 0.000000 1.000000

distortion
-0.347689 0.124652 0.003439 -0.001021 0.000000

rectification
1.000000 0.000000 0.000000
0.000000 1.000000 0.000000
0.000000 0.000000 1.000000

projection
1241.884888 0.000000 980.184316 0.000000
0.000000 1365.009399 681.676120 0.000000
0.000000 0.000000 1.000000 0.000000
