# oST version 5.0 parameters


[image]

width
2048

height
1536

[narrow_stereo]

camera matrix
1566.102873 0.000000 1024.124053
0.000000 1547.462803 771.031272
0.000000 0.000000 1.000000

distortion
-0.366264 0.134737 0.000907 -0.002053 0.000000

rectification
1.000000 0.000000 0.000000
0.000000 1.000000 0.000000
0.000000 0.000000 1.000000

projection
1287.501343 0.000000 1015.064977 0.000000
0.000000 1393.852295 772.821454 0.000000
0.000000 0.000000 1.000000 0.000000
