# oST version 5.0 parameters


[image]

width
2048

height
1536

[narrow_stereo]

camera matrix
1485.744985 0.000000 1000.529483
0.000000 1485.762271 708.826686
0.000000 0.000000 1.000000

distortion
-0.327012 0.102949 0.000536 0.000466 0.000000

rectification
1.000000 0.000000 0.000000
0.000000 1.000000 0.000000
0.000000 0.000000 1.000000

projection
1218.120728 0.000000 991.607353 0.000000
0.000000 1339.289185 695.752372 0.000000
0.000000 0.000000 1.000000 0.000000
